1
T 0 0 0
C 0 0 0
A 0 0 0
D 0 0 0
R 0 0 0
A 0 0 0
C 0 0 0
T 0 0 0
P 0 0 0
P 0 0 0
P 0 0 0
V -1 0 0
P 0 0 0
V -1 0 0
P 0 0 0
P 0 0 0
V -1 0 0
V -1 0 0
V -1 0 0
P 0 1 0
V -1 0 0
P 0 1 0
V -1 0 0
V -1 0 0
V -1 0 0
V -1 0 0
V -1 0 0
V -1 0 0
V -1 0 0
V -1 0 0
V -1 0 0
V -1 0 0
V -1 0 0
V -1 0 0
V -1 0 0
V -1 0 0
V -1 0 0
V -1 0 0
V -1 0 0
V -1 0 0
V -1 0 0
V -1 0 0
V -1 0 0
V -1 0 0
P 1 1 0
P 1 1 0
V -1 0 0
V -1 0 0
P 1 0 0
P 1 0 0
P 1 0 0
P 1 0 0
V -1 0 0
V -1 0 0
P 1 0 0
P 1 0 0
T 1 0 0
C 1 0 0
A 1 0 0
D 1 0 0
R 1 0 0
A 1 0 0
C 1 0 0
T 1 0 0
